1701797603	0	1701797605
1701797605	2	1701797606
1701797606	3	1701797607
1701797607	4	1701797608
1701797608	5	1701797609
1701797609	6	1701797610
1701797610	7	1701797611
1701797611	8	1701797612
1701797612	9	1701797613
1701797613	10	1701797614
1701797614	11	1701797615
1701797615	12	1701797616
1701797616	13	1701797617
1701797617	14	1701797618
1701797618	15	1701797619
1701797619	16	1701797620
1701797620	17	1701797621
1701797621	18	1701797622
1701797622	19	1701797623
1701797623	20	1701797624
1701797624	21	1701797625
1701797625	22	1701797627
1701797627	24	1701797629
1701797629	25	1701797630
1701797630	26	1701797631
1701797631	27	1701797632
1701797632	28	1701797633
1701797633	29	1701797634
1701797634	30	1701801354
1701801354	12	1701801356
1701801356	11	1701801357
1701801357	10	1701801361
1701801361	9	1701801362
1701801362	8	1701801365
1701801365	7	1701801366
1701801366	6	1701801367
1701801367	5	1701801369
1701801369	4	1701801373
1701801373	2	1701801378
1701801378	1	1701801385
